free_thresh: 0.196
image: 303_march_2.pgm
negate: 0
occupied_thresh: 0.65
origin: [-12.899999999999991, -11.049999999999997, 0.0]
resolution: 0.05
