free_thresh: 0.196
image: cropped.pgm
negate: 0
occupied_thresh: 0.65
origin: [-14.149999999999991, -21.299999999999997, 0.0]
resolution: 0.05
